[ProfileUpdated.jpg]
moddate=96a75c5ab483d701
width=376
height=416
text=1;157;16;PROFILE UPDATED!;Bahnschrift SemiCondensed;0.135780,0.778687,0.088894,6.283185;v1,4281909545,4278190080,128.000000,1.000000,0.000000,1.000000,700,0,49152;;
textactive=1
[backgroudphoto.jpg]
filters=finetune2=1,0.807018,0.000000,0.000000,00000000,0.000000;
moddate=b8ea898b3691d701
width=1920
height=1200
textactive=0
