[profileUpdated.jpg]
backuphash=26091
[submitted.jpg]
text=1;157;16;PROFILE UPDATED!;Bahnschrift SemiCondensed;0.043710,0.763431,0.127283,6.283185;v1,4281909545,4278190080,128.000000,1.000000,0.000000,1.000000,400,0,49152;;
backuphash=19514
textactive=1
[backgroudphoto.jpg]
backuphash=43504
